0 4
0 7
0 19
0 24
0 25
0 28
0 30
0 33
0 41
0 42
0 46
1 0
1 4
1 7
1 15
1 19
1 20
1 21
1 22
1 25
1 30
1 31
1 35
1 38
1 40
1 43
1 48
1 49
2 21
2 35
2 40
2 44
3 2
3 10
3 19
3 20
3 22
3 27
3 28
3 29
3 30
3 31
3 33
3 35
3 37
3 40
3 41
3 44
3 49
4 5
4 6
4 15
4 16
4 29
4 33
4 37
4 47
5 4
5 6
5 8
5 10
5 13
5 15
5 19
5 26
5 28
5 32
5 35
5 40
5 42
5 44
6 5
6 13
6 16
6 19
6 20
6 21
6 36
6 37
6 42
7 1
7 3
7 4
7 5
7 19
7 22
7 26
7 29
7 30
7 31
7 33
7 40
7 41
7 49
8 2
8 3
8 15
8 19
8 23
8 26
8 27
8 28
8 34
8 39
8 43
8 44
9 0
9 3
9 5
9 10
9 12
9 15
9 20
9 23
9 25
9 26
9 28
9 30
9 31
9 34
9 38
9 42
9 43
9 44
9 47
9 49
10 1
10 6
10 11
10 32
10 39
10 43
10 49
11 5
11 9
11 22
11 24
11 26
11 27
11 31
11 34
11 37
11 38
11 40
11 43
12 3
12 4
12 5
12 6
12 8
12 9
12 11
12 15
12 20
12 22
12 25
12 26
12 27
12 31
12 32
12 34
12 42
13 2
13 3
13 6
13 10
13 12
13 14
13 16
13 22
13 23
13 25
13 29
13 32
13 34
13 35
13 36
13 39
13 42
13 46
13 49
14 0
14 1
14 3
14 5
14 15
14 16
14 20
14 22
14 23
14 26
14 27
14 32
14 34
14 37
14 39
14 40
14 46
14 49
15 0
15 3
15 7
15 21
15 25
15 29
15 31
15 38
15 42
15 46
16 1
16 2
16 14
16 41
16 43
17 0
17 1
17 2
17 3
17 5
17 8
17 9
17 13
17 14
17 16
17 18
17 21
17 23
17 24
17 27
17 31
17 32
17 33
17 34
17 35
17 44
17 45
17 46
17 48
18 1
18 3
18 5
18 19
18 22
18 24
18 27
18 28
18 35
19 0
19 15
19 20
19 22
19 24
19 29
19 31
19 32
19 41
19 49
20 24
20 27
20 40
20 43
21 4
21 5
21 19
21 28
21 29
21 30
21 32
21 37
21 38
21 39
22 4
22 5
22 19
22 20
22 21
22 24
22 29
22 35
22 41
22 43
22 45
22 49
23 1
23 3
23 6
23 9
23 11
23 14
23 16
23 22
23 39
23 48
24 21
24 22
24 49
25 0
25 7
25 22
25 43
26 4
26 16
26 19
26 21
26 22
26 24
26 27
26 30
26 31
26 32
26 42
26 47
26 49
27 2
27 16
27 24
27 32
27 43
28 2
28 24
28 35
29 15
29 19
29 22
29 27
29 35
29 36
30 9
30 16
30 18
30 22
30 25
30 28
30 29
30 31
30 35
30 37
30 46
30 48
31 19
31 20
31 25
31 30
31 38
31 42
31 43
31 47
31 49
32 3
32 4
32 5
32 8
32 16
32 22
32 37
33 0
33 3
33 19
33 27
33 28
33 29
34 0
34 4
34 5
34 9
34 10
34 20
34 24
34 26
34 33
34 37
34 38
34 44
35 6
35 13
35 19
35 21
35 22
35 36
35 45
35 48
36 22
36 24
36 40
36 43
36 49
37 0
37 6
37 9
37 14
37 19
37 22
37 35
37 40
37 41
38 3
38 7
38 16
38 25
38 29
38 37
38 40
38 41
38 42
39 0
39 16
39 21
39 29
39 40
40 15
40 22
40 28
40 29
40 35
40 42
40 46
41 5
41 6
41 16
41 22
41 23
41 27
41 28
41 32
41 42
41 49
42 29
42 40
42 48
43 5
43 37
43 45
44 4
44 5
44 15
44 18
44 19
44 29
44 32
45 1
45 5
45 11
45 12
45 14
45 15
45 21
45 24
45 26
45 27
45 28
45 32
45 34
45 37
45 38
45 39
45 40
45 42
45 44
45 46
45 47
46 0
46 3
46 4
46 5
46 8
46 9
46 10
46 12
46 19
46 21
46 22
46 24
46 28
46 32
46 33
46 37
46 38
46 40
46 44
47 0
47 16
47 20
47 21
47 22
47 25
47 43
47 44
48 1
48 15
48 16
48 21
48 22
48 25
48 31
48 37
49 2
49 8
49 16
49 20
49 21
49 26
49 27
49 29
49 32
49 34
49 38
49 39
49 40
49 44
