0 1
0 2
0 17
0 20
0 21
0 23
0 24
0 28
0 39
0 45
0 52
0 53
0 54
0 59
0 60
0 69
0 70
0 72
0 78
0 83
0 86
0 89
0 96
0 97
1 7
1 14
1 16
1 21
1 24
1 25
1 27
1 39
1 41
1 42
1 43
1 44
1 45
1 53
1 55
1 66
1 70
1 73
1 82
1 83
1 87
1 92
1 93
1 97
2 15
2 20
2 29
2 33
2 36
2 38
2 41
2 42
2 50
2 54
2 66
2 70
2 78
2 81
2 83
2 91
2 95
2 97
2 99
3 0
3 1
3 2
3 6
3 7
3 11
3 13
3 18
3 27
3 29
3 30
3 31
3 32
3 34
3 36
3 38
3 43
3 46
3 48
3 50
3 52
3 53
3 54
3 57
3 60
3 61
3 62
3 70
3 74
3 75
3 84
3 88
3 90
3 92
3 93
3 97
3 99
4 0
4 2
4 3
4 5
4 9
4 11
4 12
4 14
4 16
4 17
4 18
4 19
4 23
4 25
4 26
4 29
4 32
4 33
4 34
4 39
4 42
4 45
4 49
4 50
4 51
4 52
4 54
4 55
4 63
4 66
4 68
4 69
4 71
4 72
4 73
4 74
4 76
4 78
4 79
4 81
4 82
4 85
4 88
4 89
4 91
4 92
4 94
4 95
4 99
5 0
5 4
5 9
5 13
5 14
5 17
5 18
5 21
5 23
5 29
5 30
5 39
5 41
5 42
5 43
5 47
5 52
5 53
5 54
5 55
5 56
5 60
5 73
5 74
5 75
5 78
5 82
5 83
5 85
5 88
5 89
5 97
5 99
6 0
6 1
6 4
6 9
6 14
6 20
6 21
6 24
6 30
6 31
6 32
6 35
6 36
6 37
6 41
6 42
6 49
6 52
6 53
6 56
6 57
6 58
6 61
6 63
6 65
6 66
6 67
6 70
6 73
6 74
6 84
6 85
6 88
6 92
6 97
6 98
6 99
7 1
7 13
7 18
7 23
7 25
7 30
7 31
7 33
7 39
7 41
7 42
7 49
7 53
7 55
7 64
7 84
7 87
7 94
8 2
8 12
8 23
8 24
8 30
8 36
8 37
8 45
8 58
8 59
8 95
8 97
9 0
9 20
9 23
9 26
9 34
9 36
9 53
9 54
9 55
9 57
9 59
9 60
9 66
9 70
9 73
9 78
9 83
9 88
10 1
10 9
10 13
10 18
10 29
10 34
10 42
10 43
10 46
10 51
10 52
10 55
10 56
10 63
10 72
10 74
10 86
10 93
10 95
11 2
11 7
11 10
11 19
11 20
11 21
11 24
11 33
11 50
11 53
11 72
11 78
11 84
11 87
11 88
11 89
11 92
12 0
12 5
12 7
12 14
12 15
12 27
12 31
12 42
12 43
12 53
12 55
12 61
12 90
12 91
12 93
12 97
13 0
13 2
13 4
13 7
13 14
13 15
13 18
13 30
13 31
13 32
13 34
13 36
13 39
13 41
13 42
13 43
13 45
13 46
13 48
13 52
13 53
13 54
13 56
13 58
13 60
13 74
13 81
13 82
13 83
13 86
13 88
13 90
13 92
13 93
13 97
13 99
14 0
14 12
14 15
14 20
14 21
14 23
14 36
14 43
14 53
14 60
14 78
14 83
14 84
14 88
14 97
15 10
15 12
15 18
15 19
15 20
15 21
15 26
15 28
15 33
15 39
15 41
15 42
15 45
15 46
15 53
15 54
15 56
15 61
15 65
15 69
15 72
15 73
15 82
15 84
15 92
15 95
15 97
16 0
16 1
16 9
16 14
16 18
16 21
16 23
16 24
16 26
16 28
16 29
16 30
16 31
16 32
16 34
16 37
16 39
16 41
16 42
16 45
16 50
16 53
16 54
16 55
16 60
16 69
16 89
16 92
17 0
17 7
17 12
17 14
17 25
17 34
17 43
17 46
17 53
17 57
17 63
17 75
17 84
17 87
17 96
17 99
18 0
18 19
18 21
18 30
18 32
18 36
18 37
18 41
18 42
18 45
18 56
18 60
18 84
18 85
18 93
19 20
19 24
19 29
19 31
19 41
19 54
19 55
19 57
19 59
19 61
19 64
19 72
19 78
19 85
19 88
20 12
20 16
20 17
20 23
20 26
20 29
20 31
20 35
20 53
20 58
20 60
20 66
20 67
20 70
20 72
20 78
20 79
20 86
20 99
21 2
21 7
21 9
21 27
21 32
21 36
21 42
21 52
21 53
21 64
21 66
21 70
21 73
21 74
21 81
21 83
21 85
21 92
21 99
22 5
22 7
22 13
22 15
22 18
22 20
22 21
22 24
22 26
22 29
22 31
22 34
22 35
22 41
22 43
22 56
22 64
22 71
22 73
22 74
22 75
22 84
22 85
22 87
22 90
22 91
22 95
22 97
22 98
23 6
23 18
23 36
23 41
23 42
23 53
23 58
23 61
23 83
23 84
23 93
23 99
24 5
24 7
24 25
24 27
24 31
24 32
24 45
24 59
24 64
24 83
24 95
25 7
25 9
25 14
25 21
25 23
25 24
25 30
25 31
25 41
25 42
25 44
25 53
25 54
25 56
25 73
25 80
25 82
25 85
25 89
25 90
25 97
26 1
26 7
26 8
26 11
26 14
26 18
26 21
26 24
26 27
26 29
26 34
26 41
26 44
26 45
26 52
26 60
26 66
26 81
26 85
26 89
26 91
26 99
27 1
27 9
27 23
27 24
27 25
27 42
27 45
27 54
27 72
27 73
27 83
27 85
27 88
27 89
27 90
28 0
28 1
28 4
28 5
28 7
28 12
28 14
28 17
28 18
28 20
28 22
28 25
28 26
28 27
28 29
28 30
28 31
28 32
28 34
28 35
28 36
28 39
28 41
28 44
28 51
28 52
28 53
28 54
28 55
28 57
28 60
28 67
28 74
28 78
28 80
28 85
28 89
28 90
28 91
28 93
28 95
28 96
28 99
29 7
29 9
29 24
29 42
29 45
29 61
29 69
29 81
29 85
29 93
29 99
30 2
30 7
30 14
30 18
30 21
30 23
30 24
30 27
30 28
30 29
30 34
30 57
30 69
30 71
30 74
30 75
30 85
30 87
30 89
30 93
30 99
31 0
31 1
31 5
31 9
31 15
31 24
31 29
31 32
31 35
31 39
31 40
31 43
31 46
31 53
31 54
31 58
31 60
31 64
31 70
31 72
31 73
31 75
31 81
31 84
31 85
31 88
31 93
31 97
31 99
32 7
32 8
32 14
32 18
32 20
32 21
32 25
32 27
32 41
32 52
32 56
32 70
32 71
32 73
32 89
32 93
32 97
32 99
33 1
33 5
33 12
33 13
33 14
33 16
33 17
33 18
33 25
33 30
33 31
33 35
33 36
33 38
33 39
33 42
33 43
33 51
33 53
33 56
33 60
33 63
33 67
33 73
33 79
33 80
33 83
33 84
33 86
33 87
33 90
33 93
33 94
34 2
34 6
34 9
34 14
34 20
34 21
34 25
34 26
34 28
34 29
34 32
34 36
34 39
34 41
34 42
34 52
34 57
34 58
34 61
34 68
34 73
34 75
34 80
34 83
34 85
34 90
34 99
35 1
35 7
35 16
35 17
35 21
35 23
35 24
35 29
35 30
35 32
35 49
35 50
35 51
35 52
35 53
35 63
35 67
35 70
35 71
35 73
35 74
35 80
35 85
35 89
35 92
35 93
35 95
35 99
36 0
36 5
36 12
36 14
36 16
36 25
36 30
36 31
36 35
36 46
36 51
36 53
36 57
36 60
36 63
36 64
36 70
36 79
36 80
36 83
36 84
36 85
36 87
36 89
36 91
36 94
36 97
37 0
37 1
37 4
37 7
37 11
37 12
37 16
37 17
37 18
37 22
37 23
37 24
37 25
37 26
37 27
37 28
37 30
37 32
37 33
37 35
37 39
37 42
37 43
37 45
37 47
37 51
37 53
37 57
37 58
37 60
37 61
37 63
37 65
37 67
37 70
37 71
37 73
37 79
37 80
37 81
37 83
37 85
37 88
37 89
37 91
37 93
37 95
37 98
37 99
38 1
38 2
38 5
38 7
38 9
38 12
38 15
38 21
38 23
38 24
38 26
38 27
38 29
38 32
38 39
38 43
38 45
38 46
38 49
38 53
38 56
38 61
38 63
38 64
38 66
38 70
38 71
38 73
38 80
38 83
38 85
38 86
38 93
38 97
38 99
39 8
39 9
39 11
39 12
39 18
39 23
39 25
39 34
39 36
39 37
39 42
39 46
39 72
39 81
39 83
39 99
40 1
40 5
40 7
40 12
40 15
40 17
40 20
40 23
40 24
40 25
40 27
40 28
40 30
40 32
40 33
40 36
40 42
40 51
40 56
40 58
40 64
40 66
40 67
40 79
40 84
40 89
40 90
40 91
40 92
40 93
40 94
40 99
41 5
41 23
41 24
41 29
41 38
41 43
41 44
41 45
41 67
41 79
41 81
41 89
41 94
41 95
41 99
42 2
42 4
42 20
42 21
42 23
42 29
42 34
42 41
42 48
42 55
42 60
42 70
42 72
42 83
42 88
42 90
42 91
42 92
42 93
43 0
43 4
43 5
43 7
43 8
43 9
43 11
43 15
43 20
43 21
43 26
43 28
43 30
43 31
43 34
43 36
43 39
43 41
43 42
43 45
43 46
43 52
43 55
43 56
43 58
43 60
43 74
43 75
43 85
43 86
43 89
43 90
43 92
43 93
43 94
43 95
43 99
44 23
44 25
44 32
44 39
44 52
44 58
44 59
44 61
44 78
44 81
44 91
44 99
45 0
45 15
45 16
45 29
45 31
45 34
45 35
45 39
45 90
45 99
46 1
46 8
46 9
46 18
46 20
46 21
46 24
46 26
46 27
46 29
46 32
46 34
46 41
46 42
46 45
46 59
46 60
46 63
46 70
46 79
46 81
46 83
46 85
47 1
47 5
47 7
47 26
47 29
47 31
47 32
47 33
47 34
47 35
47 36
47 46
47 49
47 53
47 57
47 58
47 63
47 80
47 81
47 83
47 89
47 90
47 96
47 97
48 2
48 6
48 8
48 10
48 11
48 19
48 20
48 23
48 24
48 31
48 34
48 42
48 43
48 47
48 50
48 56
48 64
48 67
48 70
48 78
48 79
48 89
48 94
48 98
48 99
49 16
49 17
49 25
49 42
49 45
49 56
49 57
49 64
49 83
49 84
49 85
49 92
49 93
49 95
49 99
50 10
50 23
50 24
50 25
50 29
50 31
50 39
50 44
50 45
50 59
50 63
50 66
50 73
50 78
50 85
50 89
50 99
51 1
51 12
51 16
51 23
51 24
51 25
51 26
51 30
51 31
51 32
51 38
51 41
51 43
51 46
51 52
51 53
51 55
51 57
51 60
51 62
51 63
51 69
51 70
51 85
51 90
51 91
51 95
51 99
52 0
52 8
52 12
52 17
52 34
52 36
52 46
52 53
52 54
52 56
52 57
52 66
52 70
52 75
52 80
52 81
52 83
52 89
52 92
52 99
53 0
53 1
53 14
53 18
53 21
53 24
53 26
53 27
53 29
53 30
53 32
53 33
53 35
53 36
53 41
53 43
53 50
53 52
53 55
53 66
53 69
53 71
53 72
53 74
53 81
53 83
53 85
53 88
53 92
53 95
53 96
54 5
54 15
54 23
54 24
54 29
54 31
54 41
54 45
54 53
54 57
54 59
54 61
54 64
54 71
54 72
54 83
54 87
54 99
55 1
55 6
55 9
55 14
55 16
55 18
55 21
55 23
55 24
55 26
55 27
55 29
55 32
55 34
55 38
55 39
55 41
55 43
55 45
55 46
55 57
55 60
55 64
55 70
55 72
55 73
55 74
55 75
55 81
55 82
55 85
56 14
56 18
56 23
56 29
56 34
56 39
56 45
56 51
56 52
56 54
56 57
56 69
56 72
56 74
56 75
56 83
56 88
56 90
56 92
56 93
56 97
56 99
57 0
57 4
57 5
57 15
57 20
57 27
57 31
57 39
57 41
57 42
57 46
57 52
57 53
57 54
57 55
57 60
57 61
57 64
57 75
57 81
57 82
57 83
57 84
57 85
57 88
57 92
57 95
57 96
57 97
57 99
58 0
58 4
58 5
58 8
58 9
58 11
58 12
58 14
58 17
58 18
58 19
58 21
58 23
58 25
58 26
58 27
58 28
58 29
58 30
58 31
58 32
58 33
58 35
58 36
58 39
58 42
58 43
58 44
58 48
58 50
58 51
58 52
58 53
58 54
58 55
58 57
58 59
58 61
58 63
58 65
58 66
58 67
58 68
58 70
58 72
58 74
58 75
58 76
58 78
58 80
58 84
58 85
58 87
58 88
58 89
58 95
59 33
59 42
59 50
59 52
59 57
59 60
59 67
60 10
60 11
60 20
60 21
60 23
60 27
60 28
60 34
60 44
60 45
60 46
60 54
60 56
60 57
60 99
61 0
61 2
61 4
61 15
61 16
61 20
61 28
61 33
61 35
61 36
61 38
61 39
61 46
61 55
61 57
61 59
61 60
61 64
61 72
61 73
61 75
61 79
61 83
61 84
61 88
62 2
62 5
62 6
62 12
62 13
62 26
62 28
62 33
62 34
62 35
62 36
62 37
62 40
62 43
62 47
62 49
62 51
62 52
62 55
62 56
62 58
62 60
62 61
62 63
62 65
62 69
62 75
62 80
62 81
62 83
62 85
62 87
62 90
62 93
63 1
63 5
63 16
63 23
63 26
63 30
63 31
63 39
63 41
63 43
63 48
63 53
63 56
63 57
63 69
63 72
63 73
63 74
63 81
63 83
63 84
63 85
63 87
63 88
63 91
63 92
63 95
63 99
64 0
64 1
64 4
64 5
64 7
64 14
64 15
64 18
64 25
64 31
64 43
64 46
64 50
64 52
64 56
64 69
64 70
64 72
64 75
64 82
64 83
64 87
64 89
64 93
64 95
65 1
65 2
65 4
65 5
65 8
65 14
65 15
65 16
65 18
65 19
65 20
65 24
65 27
65 29
65 30
65 31
65 32
65 33
65 35
65 36
65 42
65 43
65 46
65 48
65 51
65 52
65 54
65 55
65 57
65 59
65 60
65 61
65 64
65 66
65 67
65 69
65 70
65 71
65 72
65 74
65 75
65 78
65 79
65 80
65 83
65 86
65 87
65 89
65 91
65 92
65 93
65 94
65 99
66 5
66 7
66 8
66 15
66 16
66 23
66 24
66 29
66 43
66 63
66 68
66 69
66 78
66 83
66 85
66 89
67 0
67 1
67 4
67 5
67 9
67 14
67 16
67 20
67 21
67 25
67 26
67 29
67 30
67 31
67 32
67 34
67 38
67 41
67 43
67 46
67 51
67 52
67 53
67 57
67 60
67 63
67 69
67 71
67 72
67 73
67 75
67 78
67 80
67 82
67 85
67 86
67 90
67 91
67 94
67 95
67 99
68 7
68 8
68 20
68 23
68 36
68 39
68 45
68 46
68 54
68 58
68 69
68 70
68 74
68 80
68 81
68 92
68 93
69 7
69 12
69 14
69 19
69 20
69 21
69 23
69 25
69 31
69 35
69 39
69 42
69 57
69 60
69 72
69 78
69 83
69 89
69 94
69 95
69 97
69 99
70 0
70 2
70 20
70 23
70 24
70 29
70 41
70 42
70 45
70 52
70 57
70 81
70 88
71 5
71 9
71 23
71 24
71 29
71 34
71 41
71 48
71 52
71 66
71 68
71 69
71 70
71 76
71 88
71 89
71 92
71 93
71 94
72 8
72 9
72 12
72 14
72 23
72 29
72 52
72 55
72 78
72 86
72 89
72 93
72 97
72 99
73 0
73 23
73 29
73 41
73 42
73 45
73 46
73 57
73 60
73 71
73 72
73 79
73 88
73 93
73 99
74 0
74 1
74 7
74 14
74 18
74 21
74 24
74 26
74 29
74 39
74 41
74 42
74 43
74 45
74 52
74 53
74 60
74 64
74 65
74 71
74 72
74 73
74 83
74 88
74 92
74 97
74 99
75 0
75 1
75 2
75 8
75 11
75 14
75 16
75 18
75 25
75 28
75 31
75 32
75 33
75 34
75 39
75 41
75 44
75 47
75 48
75 49
75 50
75 54
75 57
75 60
75 61
75 66
75 67
75 68
75 69
75 74
75 82
75 85
75 86
75 88
75 92
75 93
75 96
75 97
76 3
76 5
76 6
76 19
76 27
76 29
76 31
76 35
76 36
76 39
76 42
76 52
76 54
76 56
76 57
76 58
76 59
76 61
76 63
76 64
76 72
76 80
76 84
76 87
76 89
76 91
76 94
77 0
77 1
77 4
77 6
77 7
77 9
77 17
77 22
77 23
77 25
77 26
77 28
77 29
77 31
77 32
77 33
77 34
77 35
77 36
77 37
77 38
77 39
77 40
77 41
77 42
77 44
77 47
77 49
77 52
77 56
77 62
77 63
77 64
77 65
77 66
77 68
77 70
77 79
77 80
77 83
77 84
77 85
77 86
77 88
77 89
77 90
77 93
77 94
77 97
77 98
78 1
78 17
78 20
78 30
78 36
78 41
78 42
78 43
78 53
78 59
78 79
78 81
78 82
78 88
78 89
78 92
78 99
79 7
79 9
79 11
79 12
79 16
79 17
79 18
79 22
79 24
79 26
79 29
79 31
79 41
79 43
79 46
79 53
79 56
79 57
79 61
79 63
79 70
79 71
79 72
79 73
79 74
79 81
79 85
79 89
79 93
79 94
80 0
80 4
80 7
80 9
80 13
80 14
80 16
80 20
80 23
80 24
80 25
80 27
80 30
80 31
80 32
80 36
80 38
80 41
80 43
80 45
80 51
80 52
80 53
80 57
80 60
80 63
80 64
80 69
80 70
80 82
80 83
80 84
80 86
80 88
80 91
80 92
80 93
80 95
81 5
81 12
81 21
81 26
81 69
81 86
81 89
81 91
81 97
82 0
82 2
82 14
82 25
82 27
82 29
82 36
82 39
82 45
82 46
82 57
82 69
82 70
82 72
82 81
82 83
82 86
82 90
82 97
82 99
83 2
83 7
83 17
83 20
83 25
83 41
83 42
83 45
83 53
83 54
83 55
83 60
83 64
83 72
83 88
83 90
83 92
83 97
83 99
84 0
84 5
84 9
84 13
84 15
84 29
84 30
84 34
84 39
84 43
84 53
84 55
84 56
84 60
84 61
84 64
84 72
84 74
84 75
84 82
84 85
84 88
84 89
84 92
84 94
84 95
84 97
84 99
85 0
85 9
85 23
85 39
85 41
85 44
85 45
85 52
85 55
85 60
85 69
85 70
85 72
85 79
85 81
85 83
85 84
86 0
86 2
86 4
86 15
86 23
86 29
86 45
86 53
86 60
86 70
86 83
86 84
86 99
87 2
87 5
87 7
87 20
87 27
87 29
87 30
87 31
87 33
87 34
87 43
87 53
87 57
87 64
87 72
87 75
87 83
87 84
87 85
87 91
87 92
87 95
87 99
88 2
88 43
88 52
88 53
88 60
88 64
88 68
88 72
88 80
88 95
88 99
89 8
89 15
89 23
89 24
89 25
89 27
89 41
89 44
89 50
89 53
89 57
89 64
89 80
89 83
89 85
89 99
90 1
90 14
90 23
90 29
90 34
90 41
90 42
90 52
90 53
90 54
90 55
90 60
90 70
90 72
90 78
90 81
90 89
90 91
90 92
90 93
90 99
91 1
91 5
91 20
91 21
91 24
91 26
91 31
91 39
91 41
91 45
91 53
91 55
91 56
91 60
91 64
91 66
91 69
91 70
91 75
91 76
91 84
91 85
91 88
91 89
91 95
91 97
91 99
92 10
92 15
92 16
92 23
92 26
92 27
92 34
92 60
92 70
92 72
92 85
92 95
92 99
93 5
93 21
93 24
93 27
93 30
93 39
93 43
93 59
93 75
93 80
93 91
93 94
93 97
94 4
94 7
94 12
94 14
94 15
94 17
94 20
94 24
94 26
94 27
94 36
94 39
94 41
94 43
94 53
94 55
94 57
94 59
94 60
94 66
94 67
94 70
94 72
94 80
94 81
94 88
94 89
94 90
94 91
94 95
95 0
95 1
95 8
95 9
95 14
95 19
95 23
95 25
95 29
95 30
95 41
95 42
95 43
95 45
95 52
95 55
95 58
95 59
95 64
95 70
95 72
95 73
95 74
95 75
95 80
95 82
95 84
95 88
95 89
95 92
95 93
95 99
96 2
96 9
96 18
96 20
96 29
96 33
96 36
96 41
96 55
96 80
96 81
96 88
96 89
96 97
96 99
97 4
97 9
97 17
97 23
97 29
97 32
97 36
97 53
97 60
97 72
97 81
97 99
98 2
98 5
98 7
98 9
98 12
98 16
98 18
98 23
98 24
98 26
98 28
98 30
98 32
98 33
98 35
98 38
98 40
98 42
98 43
98 46
98 53
98 55
98 57
98 58
98 61
98 64
98 65
98 69
98 74
98 78
98 83
98 85
98 87
98 89
98 91
98 92
98 93
98 95
98 99
99 9
99 12
99 17
99 27
99 36
99 42
99 45
99 52
99 56
99 75
